0 0.358817 0.729240 0.530134 0.156360
0 0.141741 0.038428 0.238839 0.076855
0 0.883929 0.977032 0.185268 0.045936
0 0.444754 0.267226 0.072545 0.043286
0 0.101562 0.018993 0.156250 0.037986
0 0.924665 0.987191 0.103795 0.025618
0 0.540737 0.984099 0.070312 0.031802
0 0.498884 0.442138 0.185268 0.105124
0 0.350446 0.616608 0.171875 0.079505
0 0.180804 0.015459 0.111607 0.030919
0 0.521205 0.075088 0.055804 0.022968
0 0.064732 0.009276 0.082589 0.018551
0 0.345982 0.643993 0.078125 0.049470
0 0.466518 0.474382 0.089286 0.051237
0 0.529018 0.417403 0.073661 0.029152
0 0.933036 0.979240 0.082589 0.020318
