0 0.240580 0.886654 0.252174 0.061825
0 0.466667 0.694799 0.428986 0.125613
0 0.531159 0.877821 0.708696 0.130520
0 0.771739 0.776742 0.233333 0.114818
0 0.510870 0.854760 0.123188 0.051030
0 0.518116 0.835132 0.126087 0.037291
0 0.518841 0.822866 0.127536 0.034347
0 0.231884 0.913150 0.237681 0.024534
0 0.523913 0.810108 0.111594 0.030422
0 0.232609 0.926398 0.236232 0.033366
0 0.699275 0.728165 0.079710 0.039254
0 0.799275 0.708538 0.181159 0.074583
0 0.806522 0.736997 0.163768 0.076546
0 0.498551 0.873896 0.115942 0.034347
0 0.478986 0.380275 0.068116 0.026497
0 0.813768 0.680569 0.152174 0.057900
0 0.521014 0.800785 0.094203 0.021590
