0 0.448878 0.795405 0.453865 0.172867
0 0.385287 0.764406 0.281796 0.109409
0 0.373234 0.803428 0.124688 0.045952
0 0.607232 0.846098 0.083957 0.049599
0 0.339568 0.571845 0.165420 0.033552
0 0.443475 0.830051 0.160432 0.087527
0 0.607232 0.813640 0.118869 0.056163
0 0.537822 0.816193 0.091438 0.048140
0 0.422693 0.815463 0.073982 0.051058
0 0.414796 0.640773 0.116376 0.018235
0 0.401496 0.606127 0.089776 0.030635
0 0.357440 0.563457 0.068163 0.019694
0 0.409393 0.592633 0.072319 0.025529
0 0.417290 0.374179 0.054863 0.035011
0 0.389027 0.632020 0.059850 0.015317
0 0.357024 0.466448 0.052369 0.034282
0 0.345802 0.857403 0.064838 0.029905
