0 0.538111 0.864038 0.650739 0.155490
0 0.396473 0.907517 0.292378 0.067060
0 0.629124 0.908254 0.254835 0.061164
0 0.824801 0.924834 0.088737 0.029477
0 0.418089 0.826824 0.360637 0.082535
0 0.601251 0.193073 0.108077 0.054532
0 0.333902 0.859985 0.210466 0.066323
0 0.919226 0.534635 0.063709 0.025792
0 0.467008 0.905674 0.149033 0.061901
0 0.858362 0.157332 0.203641 0.077377
0 0.667235 0.907148 0.133106 0.056006
0 0.641638 0.358143 0.129693 0.069270
0 0.564846 0.908254 0.124005 0.059690
0 0.347554 0.835298 0.217292 0.056743
0 0.950512 0.596168 0.098976 0.020634
0 0.325370 0.637436 0.120592 0.051584
0 0.642207 0.586220 0.060296 0.025792
0 0.268487 0.901621 0.093288 0.015475
0 0.928328 0.527266 0.086462 0.027266
0 0.465870 0.584377 0.087600 0.035372
0 0.245165 0.919676 0.058020 0.019160
0 0.657565 0.316139 0.070535 0.023581
0 0.381684 0.851879 0.101251 0.033898
0 0.284414 0.844878 0.091013 0.024318
0 0.390785 0.836772 0.096701 0.019897
0 0.702503 0.796610 0.062571 0.019160
