0 0.506190 0.700000 0.471429 0.181467
0 0.212381 0.064093 0.207619 0.084942
0 0.584286 0.479537 0.126667 0.066409
0 0.379048 0.655985 0.217143 0.091892
0 0.549048 0.586873 0.159048 0.038610
0 0.656190 0.571815 0.192381 0.048649
0 0.583333 0.420077 0.132381 0.069498
0 0.515714 0.416216 0.134286 0.020077
0 0.590476 0.466409 0.074286 0.037066
0 0.617143 0.349807 0.102857 0.041699
0 0.619048 0.336293 0.095238 0.028571
0 0.628571 0.483398 0.089524 0.052510
0 0.557619 0.459073 0.056190 0.025483
0 0.699524 0.547876 0.126667 0.033205
0 0.616667 0.492664 0.063810 0.030888
0 0.610000 0.355985 0.079048 0.023166
0 0.626667 0.406178 0.070476 0.044788
0 0.622381 0.335907 0.056190 0.013900
0 0.576190 0.410811 0.087619 0.024710
