0 0.195597 0.062235 0.391195 0.083827
0 0.354088 0.785351 0.245283 0.124471
0 0.518239 0.672312 0.155975 0.044030
0 0.581132 0.784928 0.296855 0.104996
0 0.664780 0.669348 0.182390 0.056732
0 0.369811 0.811177 0.281761 0.066046
0 0.357862 0.671465 0.089308 0.045724
0 0.409434 0.671041 0.089308 0.044877
0 0.795597 0.698984 0.172327 0.046571
0 0.461006 0.804826 0.114465 0.061812
0 0.327044 0.830652 0.191195 0.027096
0 0.208176 0.193903 0.089308 0.027096
0 0.532704 0.804826 0.104403 0.058425
0 0.350314 0.742168 0.189937 0.033023
0 0.495597 0.616850 0.052830 0.022862
