0 0.545688 0.746320 0.530801 0.176623
0 0.366016 0.739827 0.290554 0.191342
0 0.496407 0.526840 0.150924 0.044156
0 0.731520 0.783117 0.122177 0.085714
0 0.494353 0.500866 0.161191 0.030303
0 0.469199 0.670996 0.078029 0.046753
0 0.565708 0.448918 0.098563 0.038961
0 0.297741 0.700433 0.197125 0.109091
0 0.522587 0.442424 0.096509 0.058874
0 0.361396 0.775325 0.160164 0.106494
0 0.565708 0.575758 0.121150 0.077922
0 0.301335 0.791775 0.159138 0.085714
0 0.434805 0.359740 0.072895 0.025108
0 0.400924 0.218182 0.042094 0.022511
0 0.573922 0.509091 0.084189 0.057143
0 0.459446 0.505195 0.093429 0.018182
0 0.752053 0.762338 0.060575 0.040693
0 0.354723 0.748918 0.101643 0.050216
0 0.488193 0.382684 0.044148 0.013853
0 0.569815 0.424675 0.063655 0.028571
