0 0.686308 0.568038 0.566779 0.113924
0 0.108866 0.369462 0.217733 0.104430
0 0.087542 0.009098 0.175084 0.018196
0 0.118967 0.314478 0.175084 0.062500
0 0.681257 0.505538 0.356902 0.052215
0 0.066779 0.431962 0.133558 0.025316
0 0.215488 0.085839 0.047138 0.019778
0 0.191919 0.441851 0.125701 0.029272
0 0.107744 0.303797 0.123457 0.026899
0 0.182941 0.426028 0.116723 0.016614
0 0.065095 0.372231 0.089787 0.018196
0 0.097643 0.277690 0.083053 0.039557
0 0.374299 0.638845 0.066218 0.024525
0 0.107744 0.285206 0.069585 0.022943
0 0.195847 0.438687 0.097643 0.015032
0 0.391695 0.676820 0.053872 0.026108
