0 0.354277 0.905906 0.573390 0.112598
0 0.563886 0.860236 0.274551 0.088976
0 0.527983 0.937402 0.944034 0.125197
0 0.574446 0.844882 0.177402 0.055118
0 0.516895 0.796063 0.140444 0.028346
0 0.580253 0.789764 0.201690 0.051969
0 0.562830 0.796850 0.137276 0.026772
0 0.511616 0.830315 0.098205 0.021260
0 0.862196 0.673622 0.189018 0.092126
0 0.618268 0.797638 0.098205 0.023622
0 0.629356 0.794882 0.152059 0.040157
0 0.553326 0.832283 0.103485 0.023622
0 0.662619 0.797244 0.096093 0.030709
0 0.815206 0.676378 0.124604 0.047244
0 0.605069 0.831496 0.099261 0.023622
0 0.335797 0.829134 0.061246 0.023622
0 0.887012 0.693701 0.116156 0.062992
0 0.700106 0.796457 0.076030 0.029134
0 0.651531 0.830709 0.080253 0.023622
0 0.509504 0.765354 0.144667 0.033071
0 0.902323 0.185433 0.102429 0.018110
0 0.918691 0.694882 0.078141 0.044882
0 0.501584 0.786614 0.120380 0.020472
0 0.913411 0.681102 0.061246 0.034646
0 0.483105 0.789370 0.068638 0.013386
0 0.710665 0.838189 0.090813 0.040157
0 0.678986 0.834252 0.071806 0.029134
0 0.718585 0.804724 0.058078 0.023622
0 0.857445 0.687795 0.057022 0.027559
0 0.469905 0.738189 0.084477 0.022835
0 0.911299 0.664173 0.052798 0.025984
0 0.835269 0.730709 0.050686 0.025197
0 0.473601 0.820866 0.053854 0.014961
