0 0.624794 0.692083 0.104613 0.057500
0 0.044893 0.013333 0.089786 0.026667
0 0.265239 0.026250 0.098847 0.030833
0 0.126853 0.550417 0.154860 0.099167
0 0.234349 0.044167 0.168863 0.040000
0 0.067957 0.047083 0.135914 0.029167
0 0.095964 0.342083 0.112850 0.077500
0 0.300659 0.256250 0.065898 0.054167
0 0.722817 0.947083 0.178748 0.049167
0 0.507825 0.986250 0.119440 0.027500
0 0.906507 0.894167 0.132619 0.050000
0 0.503295 0.979167 0.093904 0.021667
0 0.045305 0.695000 0.090610 0.026667
0 0.565486 0.989583 0.106260 0.020833
0 0.725288 0.960417 0.079901 0.027500
0 0.307249 0.013750 0.092257 0.019167
0 0.198517 0.008333 0.077430 0.016667
0 0.810132 0.251667 0.050247 0.035000
0 0.873558 0.917083 0.106260 0.027500
0 0.595552 0.970833 0.085667 0.026667
0 0.613674 0.989583 0.118616 0.020833
0 0.016886 0.014167 0.033773 0.020000
0 0.093904 0.523333 0.056013 0.038333
0 0.955107 0.949167 0.053542 0.026667
0 0.847611 0.951250 0.079077 0.025833
0 0.095140 0.030417 0.091433 0.029167
0 0.175041 0.020833 0.104613 0.021667
0 0.643328 0.657083 0.041186 0.020833
0 0.583196 0.963333 0.067545 0.016667
0 0.343081 0.014583 0.098023 0.022500
0 0.141269 0.351250 0.040362 0.030833
0 0.187397 0.041667 0.111203 0.026667
0 0.497941 0.009167 0.083196 0.018333
0 0.780890 0.921667 0.077430 0.026667
