0 0.494863 0.523627 0.357877 0.349936
0 0.301798 0.285441 0.250856 0.146871
0 0.605736 0.655172 0.574486 0.541507
0 0.405822 0.672414 0.515411 0.310345
0 0.882705 0.333972 0.116438 0.134100
0 0.483305 0.784163 0.218322 0.219668
0 0.615154 0.659642 0.303938 0.297573
0 0.242295 0.310983 0.083904 0.060026
0 0.711473 0.250319 0.037671 0.035760
0 0.192637 0.261175 0.090753 0.072797
0 0.035103 0.250319 0.070205 0.053640
0 0.315925 0.462324 0.094178 0.058748
0 0.343750 0.908685 0.041952 0.029374
0 0.193921 0.167305 0.050514 0.033206
0 0.106592 0.216475 0.050514 0.031928
0 0.510702 0.053640 0.060788 0.033206
0 0.145120 0.242656 0.124144 0.063857
0 0.791524 0.346105 0.053938 0.048531
0 0.494435 0.344189 0.069349 0.049808
